新分类
模拟题, 枚举 
1002 1004 1013 1015 1017 1020 1022 1029 1031 1033 1034 1035 1036 1037 1039 1042 1047 1048 1049 1050 1057 1062 1063 1064 1070 1073 1075 1082 1083 1084 1088 1106 1107 1113 1117 1119 1128 1129 1144 1148 1157 1161 1170 1172 1177 1197 1200 1201 1202 1205 1209 1212 1216 1218 1219 1225 1228 1229 1230 1234 1235 1236 1237 1239 1250 1256 1259 1262 1263 1265 1266 1276 1279 1282 1283 1287 1296 1302 1303 1304 1305 1306 1309 1311 1314 
搜索，递归求解 
1010 1016 1026 1043 1044 1045 1067 1072 1104 1175 1180 1195 1208 1226 1238 1240 1241 1242 1258 1271 1312 1317 
博奕 
1079 
动态规划 
1003 1024 1025 1028 1051 1058 1059 1069 1074 1078 1080 1081 1085 1087 1114 1158 1159 1160 1171 1176 1181 1203 1224 1227 1231 1244 1248 1253 1254 1283 1300 
数学，递推，规律 
1005 1006 1012 1014 1018 1019 1021 1023 1027 1030 1032 1038 1041 1046 1059 1060 1061 1065 1066 1071 1097 1098 1099 1100 1108 1110 1112 1124 1130 1131 1132 1134 1141 1143 1152 1155 1163 1165 1178 1194 1196 1210 1214 1200 1221 1223 1249 1261 1267 1273 1290 1291 1292 1294 1297 1313 1316 
数论 
1164 1211 1215 1222 1286 1299 
计算几何 
1086 1115 1147 
贪心 
1009 1052 1055 1257 
线段树,离散化 
1199 1255 
并查集
3109
